   10         71
    9         75
    9         64
    9         34
    9          8
    8         77
    8         76
    8         70
    8         65
    8         59
    8         53
    8         48
    8         33
    8         29
    8         26
    8         25
    8         17
    7         79
    7         72
    7         69
    7         66
    7         61
    7         47
    7         43
    7         37
    7         28
    7         21
    7         20
    7          4
    6         80
    6         74
    6         63
    6         62
    6         57
    6         46
    6         39
    6         38
    6         11
    6          5
    6          3
    5         78
    5         49
    5         44
    5         23
    5         16
    5         15
    5         14
    5          6
    4         73
    4         60
    4         58
    4         55
    4         42
    4         41
    4         40
    4         36
    4         35
    4         22
    4         19
    4         18
    4         12
    4          7
    4          1
    3         68
    3         67
    3         54
    3         52
    3         51
    3         50
    3         45
    3         32
    3         31
    3         30
    3         27
    3         24
    3         10
    3          2
    2         56
    2         13
    2          9
